$ANSIBLE_VAULT;1.1;AES256
38306661653632633531613363613464643039303130386536336632363234653834643363666266
6436646162613432646563646465376436656366656430650a633364646634303133393333363064
36313964323033623137303732363033333264393838343163643839346233306562346562653766
3736616437323631380a336536613439373836616632313730653737333965326535303233323765
37336139313934393430376639643733306536373164303136346238393163653830303564306263
62363336333932623531333432323136336661333863303732656365663165356263633965373035
61656162656463383662376530646565306163393761663939366565366233383830313334303336
35393330373932376265646463333539376166616664656134386639373630366461383632393332
39633232343164343838646266376530366633613561666136303632343461323861613037343030
32393738613038366132383532373966663037633435356161303461366334366139333130326363
32653066333835373861656439383338303939393362393035653732303538613735343361643161
36623137663961633766383139623464623662356562313234336165346436393766373365376631
34343332306662663861303061383733373134336235303831656132313031376161616631633266
30663161363634316461373235633830643538386361623935326330643231643166343532643836
34643832306631333266363937656338326539656665666263316238363134353664626563383439
66383465613439336633633938363161636662383939333830313833623732303735363634303931
6563
